wave	n	k
381	1.613655	0.050038
382	1.612321	0.050107
384	1.610964	0.050342
385	1.60963	0.050738
387	1.608349	0.051273
389	1.607137	0.051918
390	1.605988	0.052651
392	1.604891	0.053463
393	1.603834	0.05436
395	1.602815	0.055359
397	1.601849	0.05648
398	1.600964	0.057737
400	1.600196	0.059132
401	1.599584	0.060645
403	1.599159	0.062245
404	1.598937	0.063888
406	1.598918	0.065527
408	1.599082	0.067117
409	1.599395	0.068624
411	1.599809	0.070031
412	1.600274	0.071345
414	1.600742	0.072595
416	1.601184	0.073835
417	1.601601	0.075135
419	1.602029	0.076567
420	1.602546	0.078184
422	1.603259	0.080002
424	1.604285	0.081985
425	1.605727	0.084042
427	1.607645	0.086034
428	1.610039	0.087803
430	1.612844	0.089194
431	1.615937	0.090089
433	1.619163	0.09042
435	1.62235	0.090183
436	1.625339	0.089431
438	1.628006	0.088266
439	1.630262	0.086824
441	1.632075	0.085257
443	1.63346	0.08372
444	1.634485	0.082355
446	1.63526	0.081272
447	1.635929	0.080539
449	1.636656	0.08017
450	1.6376	0.08012
452	1.638899	0.080289
454	1.640647	0.08053
455	1.642885	0.080673
457	1.64559	0.080541
458	1.648682	0.079977
460	1.652035	0.078858
462	1.655495	0.077107
463	1.658896	0.074703
465	1.662077	0.07167
466	1.664901	0.068074
468	1.667257	0.06401
470	1.669068	0.059591
471	1.670287	0.054937
473	1.670901	0.050167
474	1.670919	0.045391
476	1.67037	0.04071
477	1.669302	0.036207
479	1.66777	0.031954
481	1.665839	0.028006
482	1.663578	0.024402
484	1.661058	0.021168
485	1.658349	0.018315
487	1.655517	0.015842
489	1.652622	0.013734
490	1.649718	0.011972
492	1.646848	0.010525
493	1.644048	0.009359
495	1.641345	0.00844
496	1.638755	0.007732
498	1.636288	0.007198
500	1.633947	0.006807
501	1.63173	0.006531
503	1.629633	0.006345
504	1.627646	0.006229
506	1.62576	0.006167
508	1.623965	0.006144
509	1.622249	0.006151
511	1.620604	0.006181
512	1.619018	0.006227
514	1.617483	0.006286
515	1.615991	0.006356
517	1.614535	0.006435
519	1.613106	0.006523
520	1.611701	0.006621
522	1.610311	0.006728
523	1.608934	0.006847
525	1.607564	0.00698
527	1.606196	0.00713
528	1.604828	0.007299
530	1.603457	0.007491
531	1.60208	0.007711
533	1.600695	0.007963
534	1.599303	0.008252
536	1.597902	0.008583
538	1.596496	0.008962
539	1.595084	0.009394
541	1.593672	0.009883
542	1.592263	0.010435
544	1.590863	0.011054
546	1.589478	0.011743
547	1.588116	0.012503
549	1.586784	0.013337
550	1.585492	0.014242
552	1.584247	0.015218
553	1.583057	0.01626
555	1.581931	0.017364
557	1.580876	0.018522
558	1.579897	0.019726
560	1.578999	0.020968
561	1.578184	0.022237
563	1.577453	0.023522
565	1.576806	0.024814
566	1.576238	0.026101
568	1.575745	0.027373
569	1.57532	0.028624
571	1.574954	0.029844
572	1.574637	0.031029
574	1.574359	0.032177
576	1.574108	0.033286
577	1.573873	0.034358
579	1.573642	0.035398
580	1.573408	0.036412
582	1.573161	0.037407
584	1.572895	0.038395
585	1.572606	0.039387
587	1.572294	0.040395
588	1.571959	0.041433
590	1.571606	0.042512
591	1.571242	0.043644
593	1.570877	0.04484
595	1.570522	0.046106
596	1.570192	0.047449
598	1.5699	0.04887
599	1.569663	0.050371
601	1.569494	0.051947
603	1.56941	0.053591
604	1.569421	0.055294
606	1.569539	0.057045
607	1.569773	0.05883
609	1.570127	0.060634
610	1.570605	0.062443
612	1.571206	0.064241
614	1.571927	0.066013
615	1.572761	0.067748
617	1.573702	0.069433
618	1.574741	0.07106
620	1.575868	0.072623
622	1.577072	0.074117
623	1.578345	0.075541
625	1.579677	0.076895
626	1.581062	0.078179
628	1.582493	0.079397
629	1.583966	0.080553
631	1.58548	0.081648
633	1.587033	0.082688
634	1.588627	0.083673
636	1.590263	0.084603
637	1.591943	0.08548
639	1.593671	0.0863
641	1.595449	0.087058
642	1.597279	0.087751
644	1.59916	0.088371
645	1.601092	0.08891
647	1.603072	0.089362
648	1.605096	0.089715
650	1.607158	0.089965
652	1.609248	0.090101
653	1.611358	0.090119
655	1.613476	0.090014
656	1.61559	0.089782
658	1.617687	0.089424
659	1.619753	0.088938
661	1.621776	0.088329
663	1.623742	0.087602
664	1.62564	0.086762
666	1.627458	0.08582
667	1.629187	0.084784
669	1.630821	0.083666
671	1.63235	0.082478
672	1.633772	0.081233
674	1.635084	0.079944
675	1.636285	0.078623
677	1.637375	0.077284
678	1.638359	0.075939
680	1.639239	0.074599
682	1.640021	0.073275
683	1.640712	0.071977
685	1.641319	0.070713
686	1.641852	0.06949
688	1.642319	0.068315
689	1.64273	0.067191
691	1.643096	0.066121
693	1.643426	0.065106
694	1.643729	0.064148
696	1.644016	0.063244
697	1.644296	0.062393
699	1.644577	0.06159
701	1.644866	0.060831
702	1.64517	0.060109
704	1.645495	0.059419
705	1.645845	0.058754
707	1.646224	0.058106
708	1.646633	0.057466
710	1.647073	0.056828
712	1.647545	0.056183
713	1.648045	0.055524
715	1.648572	0.054844
716	1.649122	0.054136
718	1.649689	0.053395
719	1.65027	0.052617
721	1.650856	0.051796
723	1.651442	0.050932
724	1.652022	0.050021
726	1.652588	0.049063
727	1.653133	0.04806
729	1.653652	0.047011
731	1.654138	0.04592
732	1.654585	0.04479
734	1.654988	0.043625
735	1.655343	0.042428
737	1.655647	0.041207
738	1.655897	0.039964
740	1.65609	0.038707
742	1.656226	0.03744
743	1.656304	0.036168
745	1.656325	0.034899
746	1.656288	0.033636
748	1.656197	0.032384
749	1.656052	0.031149
751	1.655857	0.029933
753	1.655613	0.02874
754	1.655325	0.027575
756	1.654995	0.026438
757	1.654626	0.025333
759	1.654223	0.024261
760	1.653788	0.023223
762	1.653325	0.022222
764	1.652836	0.021256
765	1.652326	0.020326
767	1.651797	0.019432
768	1.651251	0.018574
770	1.650692	0.017751
771	1.650122	0.016963
773	1.649542	0.016208
775	1.648956	0.015487
776	1.648364	0.014798
778	1.647769	0.01414
779	1.647171	0.013511
781	1.646573	0.012911
