WAVE	N	K
381	1.592111	0.315548
382	1.592999	0.315691
383	1.593884	0.315808
384	1.594764	0.315899
385	1.595638	0.315968
386	1.596503	0.316014
387	1.597359	0.316041
388	1.598205	0.31605
389	1.599039	0.316041
390	1.599862	0.316017
391	1.600673	0.315979
392	1.60147	0.315927
393	1.602255	0.315864
394	1.603026	0.31579
395	1.603783	0.315707
396	1.604527	0.315615
397	1.605256	0.315515
398	1.605972	0.315409
399	1.606674	0.315298
400	1.607362	0.315182
401	1.608036	0.315062
402	1.608696	0.314939
403	1.609343	0.314814
404	1.609976	0.314688
405	1.610597	0.314561
406	1.611205	0.314434
407	1.611799	0.314308
408	1.612382	0.314184
409	1.612953	0.314062
410	1.613512	0.313942
411	1.614061	0.313826
412	1.614598	0.313714
413	1.615125	0.313606
414	1.615643	0.313503
415	1.61615	0.313406
416	1.61665	0.313314
417	1.617141	0.313229
418	1.617624	0.31315
419	1.6181	0.313078
420	1.61857	0.313014
421	1.619035	0.312958
422	1.619495	0.31291
423	1.619952	0.31287
424	1.620406	0.312837
425	1.620859	0.312811
426	1.62131	0.312792
427	1.62176	0.312779
428	1.622209	0.312771
429	1.622658	0.31277
430	1.623107	0.312773
431	1.623557	0.312781
432	1.624006	0.312794
433	1.624456	0.31281
434	1.624907	0.312831
435	1.625359	0.312855
436	1.625811	0.312882
437	1.626265	0.312913
438	1.626719	0.312946
439	1.627175	0.312982
440	1.627632	0.31302
441	1.62809	0.31306
442	1.628549	0.313102
443	1.62901	0.313146
444	1.629472	0.313191
445	1.629935	0.313237
446	1.630399	0.313284
447	1.630865	0.313332
448	1.631332	0.313381
449	1.6318	0.31343
450	1.63227	0.31348
451	1.63274	0.31353
452	1.633211	0.313579
453	1.633684	0.313629
454	1.634158	0.313678
455	1.634632	0.313727
456	1.635107	0.313775
457	1.635583	0.313822
458	1.63606	0.313869
459	1.636537	0.313915
460	1.637015	0.313959
461	1.637493	0.314003
462	1.637972	0.314045
463	1.638451	0.314086
464	1.63893	0.314125
465	1.639409	0.314162
466	1.639888	0.314198
467	1.640367	0.314232
468	1.640845	0.314265
469	1.641323	0.314295
470	1.6418	0.314323
471	1.642276	0.31435
472	1.642751	0.314374
473	1.643225	0.314396
474	1.643698	0.314416
475	1.644168	0.314435
476	1.644637	0.314452
477	1.645104	0.314467
478	1.64557	0.314481
479	1.646033	0.314493
480	1.646494	0.314504
481	1.646953	0.314514
482	1.64741	0.314522
483	1.647865	0.31453
484	1.648318	0.314536
485	1.648768	0.314542
486	1.649217	0.314546
487	1.649663	0.31455
488	1.650107	0.314554
489	1.650548	0.314556
490	1.650988	0.314558
491	1.651425	0.31456
492	1.65186	0.314561
493	1.652293	0.314561
494	1.652723	0.314561
495	1.653151	0.314561
496	1.653577	0.314561
497	1.654001	0.31456
498	1.654423	0.31456
499	1.654842	0.314559
500	1.655259	0.314558
501	1.655674	0.314557
502	1.656088	0.314556
503	1.656498	0.314555
504	1.656907	0.314554
505	1.657314	0.314554
506	1.657718	0.314553
507	1.658121	0.314553
508	1.658522	0.314553
509	1.65892	0.314554
510	1.659317	0.314554
511	1.659712	0.314556
512	1.660105	0.314557
513	1.660495	0.314559
514	1.660885	0.314561
515	1.661272	0.314564
516	1.661657	0.314567
517	1.662041	0.314571
518	1.662423	0.314575
519	1.662804	0.31458
520	1.663182	0.314586
521	1.663559	0.314592
522	1.663935	0.314599
523	1.664309	0.314606
524	1.664681	0.314615
525	1.665052	0.314624
526	1.665421	0.314633
527	1.66579	0.314643
528	1.666156	0.314655
529	1.666522	0.314666
530	1.666886	0.314679
531	1.667249	0.314693
532	1.66761	0.314707
533	1.667971	0.314722
534	1.66833	0.314738
535	1.668689	0.314755
536	1.669046	0.314772
537	1.669403	0.314791
538	1.669759	0.31481
539	1.670114	0.31483
540	1.670468	0.31485
541	1.670822	0.314872
542	1.671175	0.314894
543	1.671527	0.314916
544	1.671878	0.314939
545	1.672229	0.314963
546	1.672579	0.314987
547	1.672929	0.315012
548	1.673278	0.315037
549	1.673626	0.315063
550	1.673974	0.315089
551	1.674321	0.315115
552	1.674668	0.315142
553	1.675014	0.31517
554	1.67536	0.315197
555	1.675705	0.315225
556	1.67605	0.315254
557	1.676394	0.315282
558	1.676738	0.315311
559	1.677081	0.315341
560	1.677424	0.31537
561	1.677766	0.3154
562	1.678108	0.31543
563	1.678449	0.31546
564	1.67879	0.31549
565	1.679131	0.315521
566	1.679471	0.315552
567	1.67981	0.315582
568	1.680149	0.315613
569	1.680488	0.315645
570	1.680826	0.315676
571	1.681164	0.315707
572	1.681502	0.315738
573	1.681838	0.31577
574	1.682175	0.315801
575	1.682511	0.315833
576	1.682847	0.315864
577	1.683182	0.315896
578	1.683517	0.315928
579	1.683851	0.315959
580	1.684185	0.315991
581	1.684518	0.316022
582	1.684851	0.316054
583	1.685184	0.316085
584	1.685516	0.316117
585	1.685848	0.316148
586	1.686179	0.31618
587	1.68651	0.316211
588	1.68684	0.316242
589	1.68717	0.316273
590	1.6875	0.316304
591	1.687829	0.316335
592	1.688157	0.316366
593	1.688485	0.316396
594	1.688813	0.316427
595	1.68914	0.316457
596	1.689467	0.316487
597	1.689793	0.316517
598	1.690119	0.316547
599	1.690444	0.316577
600	1.690769	0.316606
601	1.691093	0.316636
602	1.691417	0.316665
603	1.69174	0.316694
604	1.692063	0.316723
605	1.692386	0.316751
606	1.692707	0.31678
607	1.693029	0.316808
608	1.693349	0.316836
609	1.69367	0.316864
610	1.69399	0.316891
611	1.694309	0.316918
612	1.694627	0.316946
613	1.694945	0.316972
614	1.695263	0.316999
615	1.69558	0.317025
616	1.695896	0.317051
617	1.696212	0.317077
618	1.696527	0.317103
619	1.696842	0.317128
620	1.697156	0.317154
621	1.697469	0.317179
622	1.697782	0.317203
623	1.698094	0.317228
624	1.698405	0.317252
625	1.698716	0.317276
626	1.699026	0.3173
627	1.699336	0.317324
628	1.699644	0.317348
629	1.699952	0.317371
630	1.70026	0.317395
631	1.700567	0.317418
632	1.700873	0.317441
633	1.701178	0.317464
634	1.701483	0.317487
635	1.701787	0.31751
636	1.702091	0.317532
637	1.702394	0.317555
638	1.702696	0.317577
639	1.702998	0.317599
640	1.703298	0.317622
641	1.703599	0.317644
642	1.703898	0.317666
643	1.704197	0.317688
644	1.704496	0.31771
645	1.704794	0.317732
646	1.705091	0.317754
647	1.705387	0.317775
648	1.705683	0.317797
649	1.705979	0.317819
650	1.706273	0.31784
651	1.706567	0.317862
652	1.706861	0.317883
653	1.707154	0.317905
654	1.707446	0.317926
655	1.707738	0.317948
656	1.708029	0.317969
657	1.708319	0.317991
658	1.708609	0.318012
659	1.708899	0.318033
660	1.709187	0.318055
661	1.709476	0.318076
662	1.709763	0.318098
663	1.710051	0.318119
664	1.710337	0.31814
665	1.710623	0.318162
666	1.710909	0.318183
667	1.711194	0.318205
668	1.711478	0.318226
669	1.711762	0.318248
670	1.712045	0.318269
671	1.712328	0.318291
672	1.712611	0.318312
673	1.712892	0.318334
674	1.713174	0.318355
675	1.713455	0.318377
676	1.713735	0.318399
677	1.714015	0.31842
678	1.714294	0.318442
679	1.714573	0.318464
680	1.714852	0.318486
681	1.71513	0.318508
682	1.715407	0.31853
683	1.715684	0.318552
684	1.715961	0.318574
685	1.716237	0.318596
686	1.716513	0.318618
687	1.716788	0.31864
688	1.717063	0.318662
689	1.717337	0.318685
690	1.717611	0.318707
691	1.717885	0.318729
692	1.718158	0.318752
693	1.718431	0.318774
694	1.718704	0.318797
695	1.718976	0.31882
696	1.719247	0.318842
697	1.719518	0.318865
698	1.719789	0.318888
699	1.72006	0.318911
700	1.72033	0.318934
701	1.7206	0.318957
702	1.720869	0.31898
703	1.721138	0.319003
704	1.721407	0.319027
705	1.721676	0.31905
706	1.721944	0.319073
707	1.722212	0.319097
708	1.722479	0.31912
709	1.722746	0.319144
710	1.723013	0.319168
711	1.72328	0.319192
712	1.723546	0.319216
713	1.723812	0.319239
714	1.724078	0.319263
715	1.724343	0.319288
716	1.724608	0.319312
717	1.724873	0.319336
718	1.725138	0.31936
719	1.725402	0.319385
720	1.725666	0.319409
721	1.72593	0.319434
722	1.726194	0.319458
723	1.726458	0.319483
724	1.726721	0.319508
725	1.726984	0.319533
726	1.727247	0.319558
727	1.727509	0.319583
728	1.727772	0.319608
729	1.728034	0.319633
730	1.728297	0.319658
731	1.728559	0.319683
732	1.72882	0.319709
733	1.729082	0.319734
734	1.729344	0.319759
735	1.729605	0.319785
736	1.729867	0.319811
737	1.730128	0.319836
738	1.730389	0.319862
739	1.73065	0.319887
740	1.730911	0.319913
741	1.731172	0.319939
742	1.731432	0.319965
743	1.731693	0.31999
744	1.731954	0.320016
745	1.732214	0.320042
746	1.732475	0.320068
747	1.732735	0.320093
748	1.732995	0.320119
749	1.733256	0.320145
750	1.733516	0.320171
751	1.733776	0.320196
752	1.734036	0.320222
753	1.734296	0.320248
754	1.734556	0.320274
755	1.734816	0.320299
756	1.735076	0.320325
757	1.735336	0.32035
758	1.735596	0.320376
759	1.735856	0.320401
760	1.736116	0.320427
761	1.736376	0.320452
762	1.736636	0.320478
763	1.736896	0.320503
764	1.737156	0.320528
765	1.737416	0.320553
766	1.737675	0.320578
767	1.737935	0.320603
768	1.738195	0.320628
769	1.738455	0.320653
770	1.738715	0.320678
771	1.738975	0.320703
772	1.739235	0.320727
773	1.739495	0.320752
774	1.739755	0.320776
775	1.740015	0.320801
776	1.740275	0.320825
777	1.740535	0.320849
778	1.740795	0.320873
779	1.741055	0.320897
780	1.741315	0.320921
781	1.741576	0.320945
782	1.741836	0.320969
783	1.742097	0.320992
784	1.742357	0.321016
785	1.742617	0.321039
786	1.742878	0.321063
787	1.743139	0.321086
788	1.743399	0.321109
789	1.74366	0.321132
790	1.743921	0.321154
791	1.744182	0.321177
792	1.744443	0.3212
793	1.744704	0.321222
794	1.744965	0.321244
795	1.745227	0.321266
796	1.745488	0.321288
797	1.74575	0.32131
798	1.746011	0.321332
799	1.746273	0.321354
800	1.746535	0.321375
801	1.746797	0.321396
802	1.747059	0.321417
803	1.747321	0.321438
804	1.747584	0.321459
805	1.747846	0.32148
806	1.748109	0.321501
807	1.748371	0.321521
808	1.748634	0.321541
809	1.748897	0.321561
810	1.74916	0.321581
811	1.749424	0.321601
812	1.749687	0.32162
813	1.749951	0.32164
814	1.750215	0.321659
815	1.750479	0.321678
816	1.750743	0.321697
817	1.751007	0.321716
818	1.751272	0.321734
819	1.751536	0.321753
820	1.751801	0.321771
821	1.752067	0.321789
822	1.752332	0.321807
823	1.752597	0.321824
824	1.752863	0.321842
825	1.753129	0.321859
826	1.753395	0.321876
827	1.753662	0.321893
828	1.753928	0.32191
829	1.754195	0.321926
830	1.754462	0.321943
831	1.75473	0.321959
832	1.754997	0.321975
833	1.755265	0.32199
834	1.755533	0.322006
835	1.755802	0.322021
836	1.756071	0.322036
837	1.75634	0.322051
838	1.756609	0.322066
839	1.756878	0.32208
840	1.757148	0.322095
841	1.757418	0.322109
842	1.757689	0.322122
843	1.75796	0.322136
844	1.758231	0.322149
845	1.758502	0.322163
846	1.758774	0.322176
847	1.759046	0.322188
848	1.759319	0.322201
849	1.759592	0.322213
850	1.759865	0.322225
851	1.760139	0.322237
852	1.760412	0.322249
853	1.760687	0.32226
854	1.760962	0.322271
855	1.761237	0.322282
856	1.761513	0.322293
857	1.761789	0.322303
858	1.762065	0.322313
859	1.762342	0.322323
860	1.762619	0.322333
861	1.762897	0.322342
862	1.763176	0.322351
863	1.763454	0.32236
864	1.763734	0.322369
865	1.764014	0.322377
866	1.764294	0.322385
867	1.764575	0.322393
868	1.764856	0.322401
869	1.765138	0.322408
870	1.765421	0.322415
871	1.765704	0.322422
872	1.765987	0.322429
873	1.766272	0.322435
874	1.766557	0.322441
875	1.766842	0.322447
876	1.767128	0.322452
877	1.767415	0.322457
878	1.767703	0.322462
879	1.767991	0.322467
880	1.76828	0.322471
881	1.76857	0.322475
882	1.76886	0.322478
883	1.769151	0.322482
884	1.769443	0.322485
885	1.769736	0.322487
886	1.77003	0.32249
887	1.770324	0.322492
888	1.77062	0.322493
889	1.770916	0.322495
890	1.771214	0.322496
891	1.771512	0.322497
892	1.771811	0.322497
893	1.772112	0.322497
